3691903
209445 601601
195825 610533
185637 3758096
285132 385329
238945 46908
200656 129648
217038 48592831
1e-4 >1e4 w

3691903
132115 681569
123318 700865
117247 4102058
177228 411573
146669 48549
127385 147741
131789 54269159
2e-4 >1e4 w

3691903
101203 662007
94688 673913
90262 3884547
134280 382506
110901 45976
98293 142975
98707 52405242
3e-4 >1e4 w

3691903
83852 674226
78541 682111
74860 3914522
110181 389483
91261 46015
82197 140212
80882 54983912
4e-4 >1e4 w

3691903
72431 545048
67818 567347
64618 3300192
94723 338669
78804 41314
71575 99859
69481 48707725
5e-4 >1e4 w

3691903
64291 641881
60176 656448
57351 3717101
83674 360158
69819 43177
63976 133640
61324 52170083
6e-4 >1e4 w

3691903
57859 644644
54252 659093
51682 3662884
75377 362923
63100 45183
58014 135905
55108 54428977
7e-4 >1e4 w

3691903
52859 635332
49561 648109
47243 3703014
68772 347287
57636 45609
53378 136700
50239 54971659
8e-4 >1e4 w

3691903
48843 643036
45748 663452
43573 3712107
63464 349317
53273 45270
49726 136575
46314 56562315
9e-4 >1e4 w

3691903
45373 638438
42531 653542
40539 3648522
59078 347450
49557 45966
46282 130861
43058 56641451
1e-3 >1e4 w

22652237
2207850 3581555
2080515 3780652
1977414 24085874
2986108 1977781
2635452 298082
2201511 965456
2401093 137381175
1e-4 all w

18960334
1266333 2924565
1192572 3062443
1137611 18753244
1687666 1492845
1477709 223760
1279559 739911
1325006 87906686
2e-4 <=1e4 w

18960334
972866 2844478
917871 2977706
876849 17861631
1281270 1421376
1120083 213810
996130 711129
994552 91658762
3e-4 <=1e4 w

18960334
806656 2995677
761793 2996390
728204 17266008
1055700 1364015
924135 205741
835513 682091
815730 92287961
4e-4 <=1e4 w

22652237
768288 3467424
725428 3596515
693212 20814861
1004059 1707521
876247 249666
801082 818751
769563 147512425
5e-4 all w

18960334
615320 2581324
581687 2579203
555794 14686207
804885 1143565
706469 168882
652819 581059
616892 76388847
6e-4 <=1e4 w

18960334
553695 2927525
523785 2996735
500082 17130581
726186 1350971
636929 202593
593121 689823
553748 92436314
7e-4 <=1e4 w

18960334
504763 2582716
477360 2747941
455721 15874670
663293 1237059
581533 190329
545349 646538
503808 92286928
8e-4 <=1e4 w

18960334
464898 2205271
439856 2350618
419710 13529383
612081 1049791
536412 162552
504702 558258
463345 80056033
9e-4 <=1e4 w

22652237
476693 3155785
450905 3349852
430121 19206760
627738 1543469
547817 237299
516814 779025
472736 147844298
1e-3 all w